a:1:{s:8:"accounts";s:1613:"595;Y1MEY;30
594;E9MLE;0
593;EZPQD;60
592;YX4EY;0
591;DJPNE;26 380 531
590;Y6M2E;34
589;DP1KR;0
588;RVPKY;42
587;Y5VVD;44
586;RLJPY;0
585;DLZZE;26 380 655
584;EGDWY;26 380 680
583;EPVXD;27
582;YB9AE;26 380 701
581;Y3A1R;60
580;RNNMR;0
579;EXP0E;26 380 178
578;R0N0Y;0
543;Y51VY;26 379 149
542;RLWPD;26 378 316
541;DLQZR;0
540;EGWWE;26 377 365
539;EPRXD;37
538;YBJAY;26 375 893
537;Y3Z1E;0
536;RNRMR;40
535;EXB0D;0
534;R060Y;41
533;YGWBY;0
532;DQWME;41
531;RWGOR;0
530;YVOMD;30
529;YKX7D;0
528;RZD5Y;37
527;YAKAR;26 371 635
526;D7M0E;26 371 748
525;YOJWE;26 371 748
524;EOBJR;26 371 872
521;ENMXR;1
520;EKLZY;0
519;D2NLD;26 372 047
516;RRBOR;0
495;Y177R;21
491;DJY7Y;26 372 158
490;Y6K7D;0
489;DPMVR;26 372 326
488;RVEBD;37
487;Y5BOD;24
486;RLGXD;26 372 534
485;DLV7E;0
484;EG31E;0
481;Y36WE;0
480;RNPLY;0
479;EXW6R;0
478;R0KND;0
472;RZA0D;1
470;D79LE;0
466;EAAQE;0
464;EK9DD;14
462;YBLJR;44
461;EJE1R;18
460;RRJMR;0
459;YM4OE;26 373 552
458;EMVGY;0
456;DQXNY;19
455;E81JY;0
454;EYMVE;0
453;YW4PD;0
452;Y4J9R;0
451;Y1V7D;1
450;E944R;26 374 873
448;YX8GY;0
447;DJZ7D;1
446;Y6Z7Y;26 375 126
444;RV1BD;26 375 243
443;Y5XOE;0
442;RL1XE;0
441;DL27E;0
440;EGK1E;26 375 500
439;EPGWR;0
438;YBG5D;0
434;R0XNR;26 375 784
426;D78LR;45
419;D295Y;41
418;YBMJE;27
417;EJX1D;26 376 125
416;RR6MR;48
415;YM9OY;26 376 334
414;EMKGD;45
413;RELOD;14
411;E88JE;26 376 726
410;EYYVE;26 376 788
409;YW1PR;26 376 930
405;EZYYR;26 377 058
404;YXXGY;0
403;DJJ7D;0
402;Y687R;26 377 176
397;YW1XR;26 377 312
395;Y1OQR;46
394;E96NY;26 377 568";}